google.com
384073453
9295459138437380433799942105196048649510024863129015862764768288998872808612814488101902850299263093165852985606781774283153531879422295514356221456091780925204759256917135324575409767631190303098594592258659231562623217035266705362115603304840361848787039187490429063162750033158856386864879602055193489856378921943604088786465130533707061458102957045493259249489761710178552969347936857540660451076145217950840892002755403385471788789291510656421579017331457411102111734935170887509893200123511069094589051680368443184536492881571344189938217880736774915799406387858723074350715165328512484911372187297147214215333
21074384132025210070274144716412268305756020081215584905207681696855454817499943688687000869913025211322797460086411621693424405587835890066465457506192193120062066423763913917304277059340691502652918536758919053342626507283373489417254206734583333209566597219452338440269166578070257996338714288755345425758872277788508713027372263524913839663828561661332572922183548754401941947671132094369244891251271446677735962284587266740798459433281646746145236322415211386558743762476530090959339342732495599387851416997955884035782145429528507229479636725259141771573421749349841545366905765890437913059067619278555446681799
facebook.com
364826023
8541942479584255742441194218727249030151053448682000059872027502246893123300222020875749660041704962900749023539020071971751870861677460985653526474490659005889393898695726743854062207818341503827290502123333536407781673312988876919415453860807325969606677839057642908862665122890238671381953544102707220331894919382146266663757355899644619593126102363088561329075307830207623820180897052077168846544700196891497193468113402026555066547304481561583503350041001230435140123740305154384960055731145648262332576903638205363287042016753367152553433581142718595998943818625196866159380526714247306924698762262426998095515
24416383374857511482050205508381589950328823649131688110146043205730423298216078593217374938461906986575293745853760862643829335390704832728817302599470042903334006703934671498126085594178504406689963662731835370978701585615242905421137925765466031611538666817487507900475105418250106342476094426123313470494139314105751174135156749878132020734551173925271437346486147259055496758571717398802065058131270426699159706438394759425424983080262598195552255895541459993562237327536133914067623125777578054683187979578582470219189020526363807946734966271396004721094233922366406843421833296989831295066438726432362472805973
amazon.com
15726833
16603201313076266080795475397232260060144865818872037193494717422833476881427494169436056017525123889117813299616314475300470443397883503418726178414926772945776230585769215729924730400325334775221015824793777038817434332788278394014018417275179800423194623191464567393195696427496729104367153815536712018945968331714359905518465777505855434818050708414095292619282197258479493208509737442246817426724943146791968982500097237923738673780939251477123812823667600216079474244552652028918199373335492558678297751431903821830748726348294118159547671038202505602677897902753811859560869641630884585297309196554677560832097
25763718283718180786462753422354750018571081173188602538572459241674088398213264564298750418352713172858024941861948342527342423803494242262519259279115122068063299515460664881387922171230235057180796007080893575899197351305180450097495358164702776208797552863994658205380182714402179874613140709677867924180442610599123083193063299736402695808648981152100784115716802627645453180403136423957113630382757564233389726212926178299276403366080978918131334941237701307570057664462942421845123028443089000626880638237762084198313181423488895052926188888747768827387277709448754397411660009983864442845762529811048995205679
samsung.com
49818787
7527729792735015985403992821437663842363932461886699728151696372655147959863034508230350267051960919656900430819001167288689266948690671662232748780290693667218628291254699716161717809305699292919944920725506363484709430699675987714212889952623587969179632634159054407999977079261739291401476261416099526256317965038220063129623703564983184230972366447138132287439554744972980166428747103242632179603609019771201194479646840364736542360599115123896778483108951585519089956777852068132206748388600751161109124449967354027587727935529263634502607197821386200295070720231026645028776153818068559346589620041223860807243
27817200057813297105762299165914436187168055104820760502832828545152221524592874336297275804488846708977286767040472035360790419712255312280829058584855933736513818558572842293479701708801938732824040227158462762600166869874776585645236646997805214383818467244969233465519851997335546140557423244909457867642004105253854874073649784729330197376385339734600805874589065256198293960584026008623269253213352240924762949530314572562923996470045075068905860548225277948527103008439532782560795332054686828314732161287369117922592162401083513888509800337384430613236760113553688371827873190564486483149695017951641812764159
microsoft.com
1426426751
15844532685810796787410892785977403337739712721239009360011805393121522798531279704977007663206996371510561442118061456680317195841076717971655556837371335652439049702767090567503883115391594452438759269794658104100298194398453763548081447513720367604188634813568048721942031337930592571044266021977440755468747098520130951450327515117345556945434738220574646808937681225929594559721671321449730352411551535365110282011784134430801303252091813601629230690774923195635315562446845055439457877036313922999246628355474447467443029508199009966135016635523268121560480602315087819839015127015912169545074696313185130971391
23599556374452841007475378833560535326388945524652541434284012545511960739458079986573729559210989652001471874702308199386753816743440384533149523762126838060605418387616865507149785748235332546351513913991697687922197445724208160331099171312834665233170950645612040009521945197296376622457671292291283626627428552817441817753183635478983339683477109176778435557343298783051737327116537462712455138477435236027468132975699663622295340715080607125885736753982655566576198124090649046330036542545685014765647797043936025032941389409147514609800474393643445980045264254909440992537027650747123005131786120006023263763331
Twitter
748307027
20196487198452854785585195981183676276423909542056848578780976249888378163708149742369906238009566182413480289291456863836967247352888064397897244251402767405943199262806319955045775854045180977236423149299792775586383714129330212568732550495981342297169910287651577650706813290295884243678171597730297340194077018790725950271979181722602153636001374752693828975673489834882324465969861483660808565724901729324991418414751017622175995418249701062885990355120692227962730722497852820773971866163711170084601000606931054791610651754520903492836649231462795792476393143699139725254450197453944789166558478478949660476763
31049761798314636619750076587832783681687215672372348502838183636987361573973178049783228944901772149861001920466847512714518560304681200002017979007635116178818431024278599245188346086289553565905077693154238321989616869154560007338503917182133796156364548780821480133124229467393250885035352404085449194230649662587150730497851042720484934617101181196618572596547791500043751745491569814829883396468330874739574016394360564087669995154555748919681360928205707783367346727450230486639269603589504325027030059214475916355999693564669981009213151537804980106855379038534506265012092235049799665616406821887152223866661
Reymond
763730897
10937226631311826040531782655704566118982948269793336830943303832183422875264015969676316634985316008317984578829629239388392218765777514471350755902322250130493515502761424507208168749015940904616908741178681048163242590566010727386040465285410577733861779397716416015933656815694885761942892718980507270485140999740376456906403987120609134894754320312515340699002888880370651077064909348814354112134032600418543017766217174973722043018100083957935168888112030275099657810515910471892415105778131627663200814075348755091849969742659427511120004492058800441199175675164429103671022999823538164943051374602015680263217
18519555414347878755218309065817374751997959715190940658318661512009557062867493529612375689397738827278859509088323611435673295800085199220712968069700024043923648445268153447587957133922526347571224036760137055676029470622780252413733250099236830207368532016178213199150756779893229066689673655606783323472527380296104687256973758918482668268479067959088613507055894470982509949630563598042195209935808338978201158988568987056894800659251886062777985837948301358936487273312940703488488651678583188219787774830532019041607358515285719705595421945069761250489102390434016221444884821169082887127007781630410402449031
Dell.com
222183677
4390888575636696052950139208088777611271428622228954350432255828245699024274197235740645446465905481286833184593278290598288434561254731849710306984801835639851181460336782561672284809697705183584748103663561906654671655668779050862438464647184831778003867449762128441125668983259994225385264381587795344485421868929470575267917528567458310086015947972389957566378209291487253138838194274433362756675344647093942266846681222220722674044249247990716054338840338406219595004608193175654050202430191137638973907909574221060750416960375274576065838786656031731289578336952589839802322209815800592599235206537575732454873
14405404157561740316591467368758696888547237869588863625851012586736525701110523611635661535250652295655304315586759253730982077559824774686526226661495661079613570666539601011534711053068088301381593305119485488427823725598757069078540973795032843982895719428628140946726614292379625038852709215926580179763549718269439278544810678312394384342374336986214360343798681331862401765184073708815599000497159993124309268138686390978670234521035128409138075698361093983626790871896321065180789620167437828693405972161838562170376859984327121386693724138113856032446328337660041440730586855376266591933094039088671611057329
quora.com
515025937
13380608260778664398810674028364900928034994430746426638456010059476949017501726254267566239727301782976922198207476866096953548802052199373811209155306472855930579573838893431324816372690157819970510290799813211690829533884689489810984063083457216727982221012486691088116126979174505424112739408820484535965358507755006227013624379606600039719566858695168369738107736620012847397622819896461086728438294373009385859620320632298490954696863953512133131799517892774114876344851434427252525815823865102574980690403546526663438411710415994201433753674971395408603986696255831303381278336718768696426926544819185861209329
22730441400764879706957520570057045109157517976279407216572340038713222932867147470974152070969469250930702068355770964146897596219554812157246860494523548630134583934046511751710537754327146237527209052788402320588611970059882311232990167180778979506417326342626461386691958935395201060000682661501109240746705373812638619959444273754631462370205086353802892807579604996069160802193274369116211584180050384958122338692340908811625420255431594220145762653793416871666121498833813502765443523688544874722820207948888955722363506162405351869022090281138490469776546432632629781185263645787985978524661713761109112948453
